128.858887	32.239697	17
128.912018	32.245979	17
128.965149	32.252235	17
129.018311	32.258450	17
129.071503	32.264645	17
129.124695	32.270802	17
129.177856	32.276936	17
129.231079	32.283031	17
129.284302	32.289105	17
129.337494	32.295151	17
129.390747	32.301159	17
129.443970	32.307144	17
129.497223	32.313091	17
129.550476	32.319023	17
129.603760	32.324909	17
129.657013	32.330769	17
129.710297	32.336597	17
129.763611	32.342407	17
129.816895	32.348179	17
129.870209	32.353924	17
129.923523	32.359634	17
129.976868	32.365322	17
130.030212	32.370972	5
130.083557	32.376595	5
130.136902	32.382187	5
130.190247	32.387760	17
130.243652	32.393280	17
130.297028	32.398800	17
130.350403	32.404270	17
130.403809	32.409714	17
130.457214	32.415134	17
130.510651	32.420517	17
130.564087	32.425857	5
130.617493	32.431194	5
130.670959	32.436485	5
130.724396	32.441753	5
130.777863	32.446983	5
130.831329	32.452190	5
130.884796	32.457367	5
130.938293	32.462502	5
130.991760	32.467625	5
131.045288	32.472706	5
131.098785	32.477760	5
131.152283	32.482788	5
131.205811	32.487789	5
131.259338	32.492748	5
131.312897	32.497677	5
131.366455	32.502583	5
131.419983	32.507465	5
131.473572	32.512302	5
131.527130	32.517109	5
131.580719	32.521892	5
131.634308	32.526653	5
131.687897	32.531364	17
131.741516	32.536064	17
131.795105	32.540722	17
131.848724	32.545361	17
131.902344	32.549965	17
131.955994	32.554539	17
132.009613	32.559082	17
132.063263	32.563583	17
132.116913	32.568070	17
132.170563	32.572525	17
132.224243	32.576935	17
132.277893	32.581329	17
132.331604	32.585701	17
132.385254	32.590023	17
132.438965	32.594326	17
132.492676	32.598595	17
128.851440	32.284645	17
128.904602	32.290928	17
128.957794	32.297180	17
129.010986	32.303413	17
129.064209	32.309601	17
129.117401	32.315777	17
129.170654	32.321911	17
129.223877	32.328011	17
129.277100	32.334095	17
129.330383	32.340134	17
129.383636	32.346149	17
129.436890	32.352135	17
129.490173	32.358097	17
129.543457	32.364025	17
129.596771	32.369919	17
129.650085	32.375794	17
129.703400	32.381634	17
129.756714	32.387447	17
129.810059	32.393219	17
129.863403	32.398960	17
129.916779	32.404678	17
129.970154	32.410374	17
130.023499	32.416031	5
130.076904	32.421658	5
130.130310	32.427261	5
130.183685	32.432827	5
130.237122	32.438374	5
130.290527	32.443878	5
130.343933	32.449356	5
130.397400	32.454807	5
130.450806	32.460220	17
130.504272	32.465610	17
130.557739	32.470974	17
130.611206	32.476299	12
130.664673	32.481602	5
130.718170	32.486866	5
130.771667	32.492104	5
130.825165	32.497322	5
130.878662	32.502495	5
130.932190	32.507645	5
130.985718	32.512768	5
131.039246	32.517857	5
131.092804	32.522911	5
131.146362	32.527935	5
131.199921	32.532928	5
131.253479	32.537903	5
131.307068	32.542839	5
131.360657	32.547752	5
131.414246	32.552628	5
131.467834	32.557476	5
131.521423	32.562286	5
131.575073	32.567082	5
131.628662	32.571842	13
131.682312	32.576561	13
131.735962	32.581261	17
131.789581	32.585930	17
131.843231	32.590561	17
131.896912	32.595165	17
131.950562	32.599750	17
132.004242	32.604298	17
132.057922	32.608799	17
132.111603	32.613285	17
132.165283	32.617748	17
132.218994	32.622166	17
132.272705	32.626564	17
132.326416	32.630928	17
132.380127	32.635258	17
132.433899	32.639568	17
132.487610	32.643845	17
128.843964	32.329601	17
128.897186	32.335892	17
128.950409	32.342163	17
129.003632	32.348385	17
129.056885	32.354588	17
129.110107	32.360752	17
129.163391	32.366894	17
129.216675	32.373001	17
129.269928	32.379093	17
129.323242	32.385143	17
129.376526	32.391163	17
129.429810	32.397160	17
129.483154	32.403122	17
129.536469	32.409058	17
129.589813	32.414951	17
129.643158	32.420834	17
129.696503	32.426666	17
129.749878	32.432484	17
129.803223	32.438263	17
129.856628	32.444016	17
129.910034	32.449737	17
129.963440	32.455433	17
130.016846	32.461098	17
130.070251	32.466732	5
130.123657	32.472332	5
130.177124	32.477913	5
130.230530	32.483459	17
130.283997	32.488972	5
130.337463	32.494442	5
130.390930	32.499897	5
130.444397	32.505322	17
130.497925	32.510719	17
130.551392	32.516079	17
130.604919	32.521412	13
130.658417	32.526722	5
130.711945	32.531994	5
130.765472	32.537231	5
130.819031	32.542450	5
130.872559	32.547634	5
130.926117	32.552792	5
130.979675	32.557907	5
131.033264	32.563004	5
131.086823	32.568058	5
131.140411	32.573090	5
131.194000	32.578098	5
131.247620	32.583061	5
131.301208	32.588020	5
131.354858	32.592918	5
131.408447	32.597801	5
131.462097	32.602653	5
131.515747	32.607479	5
131.569397	32.612270	5
131.623047	32.617031	5
131.676697	32.621761	5
131.730377	32.626461	5
131.784058	32.631134	17
131.837769	32.635773	17
131.891449	32.640381	17
131.945129	32.644966	17
131.998840	32.649513	17
132.052551	32.654030	17
132.106293	32.658524	17
132.160034	32.662983	17
132.213745	32.667400	17
132.267517	32.671803	17
132.321259	32.676167	17
132.375000	32.680508	17
132.428772	32.684818	17
132.482544	32.689087	17
128.836487	32.374558	17
128.889771	32.380863	17
128.942993	32.387127	17
128.996277	32.393360	17
129.049561	32.399563	17
129.102844	32.405739	17
129.156128	32.411884	17
129.209412	32.418011	17
129.262756	32.424099	17
129.316071	32.430157	17
129.369385	32.436172	17
129.422729	32.442177	17
129.476074	32.448139	17
129.529449	32.454082	17
129.582825	32.459976	17
129.636230	32.465862	17
129.689606	32.471710	17
129.742981	32.477535	17
129.796387	32.483314	17
129.849823	32.489067	17
129.903259	32.494804	17
129.956665	32.500500	17
130.010132	32.506161	17
130.063599	32.511810	5
130.117065	32.517410	5
130.170532	32.522991	5
130.223999	32.528545	17
130.277466	32.534061	17
130.330994	32.539539	17
130.384491	32.545006	17
130.437988	32.550434	17
130.491516	32.555832	17
130.545044	32.561184	17
130.598572	32.566532	12
130.652161	32.571846	12
130.705688	32.577122	12
130.759277	32.582375	5
130.812836	32.587593	5
130.866425	32.592770	5
130.920013	32.597931	5
130.973602	32.603062	5
131.027222	32.608158	5
131.080811	32.613224	5
131.134460	32.618267	5
131.188080	32.623257	5
131.241699	32.628239	5
131.295349	32.633190	5
131.348999	32.638100	5
131.402679	32.642990	5
131.456360	32.647846	5
131.510010	32.652664	5
131.563721	32.657463	5
131.617401	32.662224	5
131.671112	32.666966	5
131.724823	32.671673	5
131.778534	32.676342	5
131.832275	32.680996	17
131.885986	32.685612	17
131.939728	32.690189	17
131.993469	32.694752	17
132.047211	32.699265	17
132.100983	32.703751	17
132.154724	32.708218	17
132.208496	32.712650	17
132.262299	32.717053	17
132.316101	32.721424	17
132.369873	32.725773	17
132.423676	32.730076	17
132.477478	32.734360	17
128.829041	32.419529	17
128.882324	32.425838	17
128.935608	32.432102	17
128.988892	32.438351	17
129.042206	32.444553	17
129.095520	32.450733	17
129.148865	32.456890	17
129.202209	32.463016	17
129.255554	32.469101	17
129.308899	32.475159	17
129.362274	32.481197	17
129.415649	32.487202	17
129.469055	32.493164	17
129.522430	32.499111	17
129.575836	32.505028	17
129.629272	32.510914	17
129.682678	32.516769	17
129.736115	32.522583	17
129.789551	32.528374	17
129.843018	32.534145	17
129.896484	32.539875	17
129.949951	32.545578	17
130.003418	32.551247	17
130.056915	32.556889	17
130.110413	32.562504	17
130.163910	32.568077	17
130.217407	32.573643	17
130.270935	32.579163	17
130.324463	32.584656	17
130.378021	32.590118	17
130.431580	32.595543	17
130.485138	32.600952	17
130.538696	32.606319	17
130.592285	32.611668	17
130.645874	32.616974	12
130.699463	32.622261	12
130.753052	32.627514	5
130.806641	32.632732	5
130.860291	32.637928	5
130.913910	32.643093	5
130.967529	32.648216	5
131.021179	32.653316	5
131.074829	32.658386	5
131.128479	32.663433	5
131.182159	32.668442	5
131.235840	32.673428	5
131.289490	32.678371	5
131.343201	32.683296	5
131.396912	32.688187	5
131.450592	32.693043	5
131.504333	32.697872	5
131.558044	32.702675	5
131.611755	32.707439	5
131.665497	32.712177	5
131.719238	32.716888	5
131.773010	32.721561	5
131.826752	32.726211	5
131.880524	32.730835	17
131.934296	32.735420	17
131.988068	32.739975	17
132.041870	32.744503	17
132.095642	32.748993	17
132.149475	32.753468	17
132.203247	32.757896	17
132.257080	32.762302	17
132.310913	32.766682	17
132.364746	32.771023	17
132.418579	32.775341	17
132.472412	32.779625	17
128.821533	32.464512	17
128.874878	32.470814	17
128.928162	32.477093	17
128.981506	32.483341	17
129.034851	32.489559	17
129.088196	32.495739	17
129.141602	32.501892	17
129.194946	32.508026	17
129.248352	32.514126	17
129.301727	32.520191	17
129.355133	32.526222	17
129.408569	32.532234	17
129.461975	32.538216	17
129.515381	32.544167	17
129.568848	32.550072	17
129.622314	32.555962	17
129.675751	32.561821	17
129.729218	32.567646	17
129.782715	32.573444	17
129.836182	32.579212	17
129.889679	32.584950	17
129.943176	32.590664	17
129.996704	32.596333	17
130.050232	32.601982	17
130.103760	32.607597	17
130.157288	32.613186	17
130.210846	32.618744	17
130.264404	32.624275	17
130.317993	32.629768	17
130.371552	32.635231	17
130.425140	32.640675	17
130.478729	32.646080	17
130.532349	32.651455	12
130.585938	32.656803	5
130.639557	32.662117	12
130.693176	32.667400	5
130.746826	32.672661	5
130.800476	32.677887	12
130.854126	32.683083	5
130.907776	32.688255	5
130.961456	32.693382	5
131.015137	32.698494	5
131.068817	32.703567	5
131.122498	32.708614	5
131.176208	32.713631	5
131.229919	32.718613	5
131.283630	32.723560	5
131.337372	32.728493	5
131.391113	32.733379	5
131.444824	32.738251	5
131.498596	32.743084	5
131.552338	32.747887	5
131.606110	32.752659	5
131.659882	32.757404	5
131.713654	32.762112	5
131.767456	32.766800	5
131.821228	32.771442	5
131.875061	32.776062	17
131.928833	32.780666	17
131.982666	32.785225	17
132.036499	32.789753	17
132.090332	32.794251	17
132.144165	32.798714	17
132.197998	32.803162	17
132.251862	32.807571	17
132.305725	32.811951	17
132.359558	32.816299	17
132.413452	32.820614	17
132.467346	32.824905	17
128.814026	32.509495	17
128.867401	32.515804	17
128.920776	32.522091	17
128.974121	32.528332	17
129.027527	32.534561	17
129.080902	32.540749	17
129.134277	32.546917	17
129.187683	32.553043	17
129.241119	32.559151	17
129.294556	32.565216	17
129.347992	32.571258	17
129.401428	32.577271	17
129.454895	32.583256	17
129.508362	32.589211	17
129.561829	32.595131	17
129.615326	32.601021	17
129.668823	32.606888	17
129.722321	32.612721	17
129.775818	32.618519	17
129.829346	32.624291	17
129.882874	32.630028	17
129.936432	32.635746	17
129.989990	32.641426	17
130.043518	32.647083	17
130.097107	32.652698	17
130.150696	32.658299	12
130.204285	32.663857	12
130.257874	32.669384	5
130.311462	32.674889	5
130.365082	32.680351	17
130.418701	32.685803	17
130.472321	32.691212	17
130.525940	32.696594	17
130.579590	32.701942	5
130.633270	32.707272	12
130.686920	32.712566	12
130.740601	32.717823	12
130.794281	32.723049	12
130.847961	32.728249	5
130.901672	32.733421	5
130.955383	32.738563	5
131.009094	32.743671	5
131.062805	32.748749	5
131.116516	32.753796	5
131.170288	32.758827	5
131.223999	32.763813	5
131.277771	32.768757	5
131.331543	32.773693	5
131.385315	32.778595	5
131.439087	32.783462	5
131.492859	32.788296	5
131.546631	32.793110	5
131.600464	32.797882	5
131.654236	32.802628	5
131.708069	32.807350	5
131.761902	32.812031	5
131.815735	32.816685	5
131.869568	32.821312	5
131.923401	32.825909	5
131.977234	32.830467	5
132.031128	32.835010	17
132.084961	32.839516	17
132.138855	32.843994	17
132.192749	32.848434	17
132.246643	32.852837	17
132.300537	32.857223	17
132.354431	32.861580	17
132.408325	32.865894	17
132.462250	32.870182	17
128.806519	32.554485	17
128.859924	32.560795	17
128.913330	32.567082	17
128.966736	32.573345	17
129.020142	32.579575	17
129.073547	32.585766	17
129.127014	32.591930	17
129.180420	32.598068	17
129.233887	32.604176	17
129.287354	32.610260	17
129.340820	32.616299	17
129.394318	32.622315	17
129.447815	32.628300	17
129.501312	32.634270	17
129.554810	32.640190	17
129.608337	32.646080	17
129.661865	32.651958	17
129.715393	32.657799	17
129.768951	32.663605	17
129.822510	32.669376	5
129.876099	32.675114	17
129.929657	32.680836	17
129.983246	32.686527	17
130.036835	32.692177	17
130.090454	32.697803	17
130.144043	32.703396	17
130.197693	32.708965	5
130.251282	32.714512	5
130.304932	32.720016	5
130.358582	32.725494	12
130.412231	32.730942	17
130.465912	32.736351	17
130.519592	32.741741	17
130.573242	32.747105	17
130.626953	32.752418	13
130.680664	32.757717	13
130.734375	32.762989	13
130.788086	32.768219	12
130.841797	32.773418	5
130.895508	32.778599	5
130.949280	32.783737	5
131.003021	32.788845	5
131.056763	32.793938	5
131.110535	32.799000	12
131.164307	32.804016	5
131.218079	32.809010	5
131.271881	32.813969	5
131.325684	32.818897	5
131.379486	32.823803	5
131.433289	32.828678	5
131.487122	32.833515	5
131.540955	32.838326	5
131.594788	32.843109	5
131.648621	32.847862	5
131.702454	32.852593	5
131.756348	32.857269	5
131.810181	32.861931	5
131.864075	32.866562	5
131.917969	32.871159	5
131.971832	32.875732	5
132.025726	32.880264	17
132.079651	32.884773	17
132.133545	32.889252	17
132.187469	32.893700	17
132.241394	32.898117	17
132.295319	32.902508	17
132.349243	32.906857	17
132.403198	32.911182	17
132.457153	32.915478	17
128.799011	32.599484	17
128.852448	32.605801	17
128.905884	32.612091	17
128.959290	32.618355	17
129.012756	32.624584	17
129.066223	32.630791	17
129.119690	32.636959	17
129.173157	32.643101	17
129.226654	32.649212	17
129.280151	32.655300	17
129.333679	32.661350	17
129.387177	32.667366	17
129.440704	32.673367	17
129.494263	32.679329	17
129.547791	32.685249	17
129.601349	32.691158	17
129.654907	32.697025	17
129.708496	32.702866	17
129.762085	32.708683	17
129.815674	32.714466	17
129.869263	32.720226	17
129.922882	32.725941	5
129.976501	32.731632	17
130.030121	32.737289	17
130.083771	32.742924	17
130.137421	32.748528	17
130.191071	32.754097	5
130.244751	32.759644	5
130.298401	32.765148	5
130.352112	32.770634	5
130.405762	32.776092	17
130.459473	32.781506	17
130.513184	32.786892	17
130.566895	32.792248	17
130.620636	32.797584	17
130.674377	32.802883	5
130.728119	32.808155	13
130.781860	32.813389	13
130.835632	32.818603	12
130.889404	32.823784	5
130.943176	32.828930	5
130.996948	32.834042	5
131.050720	32.839138	5
131.104553	32.844189	14
131.158356	32.849216	5
131.212158	32.854217	5
131.265991	32.859181	5
131.319824	32.864120	5
131.373657	32.869030	5
131.427490	32.873898	5
131.481384	32.878746	5
131.535217	32.883568	5
131.589111	32.888344	5
131.642975	32.893108	5
131.696869	32.897831	5
131.750763	32.902519	5
131.804657	32.907185	5
131.858582	32.911820	5
131.912476	32.916428	5
131.966431	32.920990	5
132.020325	32.925537	17
132.074280	32.930046	17
132.128235	32.934536	17
132.182190	32.938984	17
132.236145	32.943397	17
132.290100	32.947792	17
132.344086	32.952141	17
132.398071	32.956474	17
132.452057	32.960777	17
128.791504	32.644482	5
128.844971	32.650806	12
128.898438	32.657108	17
128.951904	32.663372	17
129.005371	32.669609	17
129.058868	32.675816	17
129.112366	32.681999	17
129.165894	32.688137	17
129.219421	32.694260	17
129.272949	32.700344	17
129.326477	32.706398	17
129.380035	32.712429	17
129.433594	32.718426	17
129.487183	32.724396	17
129.540771	32.730320	17
129.594360	32.736229	17
129.647949	32.742123	17
129.701569	32.747967	17
129.755188	32.753780	17
129.808807	32.759563	17
129.862427	32.765324	5
129.916077	32.771053	5
129.969727	32.776741	5
130.023407	32.782410	17
130.077087	32.788048	17
130.130768	32.793655	12
130.184448	32.799229	12
130.238159	32.804779	5
130.291870	32.810288	5
130.345581	32.815777	12
130.399292	32.821236	17
130.453064	32.826656	17
130.506775	32.832050	17
130.560547	32.837418	17
130.614319	32.842754	12
130.668091	32.848057	5
130.721863	32.853329	13
130.775635	32.858574	13
130.829437	32.863789	12
130.883240	32.868973	12
130.937073	32.874126	12
130.990875	32.879242	5
131.044678	32.884335	14
131.098541	32.889408	14
131.152374	32.894436	5
131.206238	32.899433	5
131.260071	32.904404	5
131.313965	32.909347	5
131.367828	32.914249	5
131.421722	32.919136	5
131.475616	32.923984	5
131.529510	32.928803	5
131.583435	32.933590	5
131.637329	32.938351	5
131.691254	32.943085	5
131.745178	32.947773	5
131.799133	32.952438	5
131.853088	32.957077	5
131.907013	32.961689	5
131.960999	32.966270	17
132.014954	32.970806	17
132.068909	32.975330	17
132.122925	32.979813	17
132.176880	32.984264	17
132.230896	32.988686	17
132.284912	32.993084	17
132.338898	32.997440	17
132.392914	33.001770	17
132.446960	33.006081	17
128.783966	32.689476	5
128.837463	32.695816	12
128.890930	32.702126	17
128.944458	32.708405	17
128.997986	32.714642	17
129.051514	32.720852	17
129.105042	32.727032	17
129.158600	32.733181	17
129.212158	32.739315	17
129.265747	32.745399	17
129.319305	32.751461	17
129.372894	32.757496	17
129.426483	32.763496	17
129.480103	32.769470	17
129.533722	32.775410	17
129.587341	32.781319	17
129.640991	32.787205	17
129.694641	32.793064	17
129.748291	32.798885	17
129.801941	32.804668	5
129.855591	32.810432	5
129.909302	32.816162	5
129.962982	32.821861	5
130.016663	32.827534	5
130.070374	32.833179	5
130.124115	32.838787	12
130.177856	32.844372	17
130.231567	32.849922	17
130.285339	32.855434	12
130.339081	32.860920	17
130.392822	32.866390	17
130.446594	32.871822	17
130.500366	32.877220	12
130.554169	32.882587	12
130.607971	32.887932	12
130.661774	32.893230	12
130.715576	32.898518	12
130.769409	32.903759	12
130.823242	32.908977	12
130.877075	32.914166	5
130.930908	32.919327	5
130.984802	32.924450	5
131.038635	32.929546	12
131.092529	32.934612	12
131.146423	32.939648	5
131.200287	32.944656	5
131.254181	32.949631	5
131.308105	32.954578	5
131.362000	32.959488	5
131.415924	32.964374	5
131.469849	32.969219	5
131.523804	32.974052	5
131.577728	32.978840	5
131.631683	32.983601	5
131.685638	32.988342	5
131.739624	32.993034	5
131.793579	32.997711	5
131.847534	33.002354	5
131.901550	33.006962	5
131.955536	33.011536	17
132.009521	33.016094	17
132.063538	33.020603	17
132.117554	33.025101	17
132.171600	33.029560	17
132.225647	33.033985	17
132.279663	33.038380	17
132.333710	33.042751	17
132.387756	33.047077	17
132.441833	33.051388	17
128.776428	32.734512	5
128.829956	32.740848	17
128.883484	32.747150	17
128.937012	32.753429	17
128.990570	32.759674	17
129.044128	32.765888	17
129.097717	32.772083	17
129.151306	32.778236	17
129.204895	32.784363	17
129.258484	32.790470	17
129.312103	32.796532	17
129.365723	32.802563	17
129.419373	32.808575	17
129.473022	32.814560	17
129.526672	32.820503	17
129.580322	32.826416	17
129.633972	32.832302	17
129.687683	32.838161	5
129.741364	32.843994	5
129.795044	32.849785	5
129.848755	32.855553	17
129.902466	32.861290	12
129.956207	32.866997	17
130.009949	32.872669	13
130.063690	32.878307	5
130.117432	32.883919	5
130.171204	32.889515	17
130.224976	32.895069	17
130.278748	32.900589	17
130.332550	32.906090	17
130.386353	32.911556	17
130.440155	32.916985	12
130.493958	32.922386	12
130.547791	32.927765	13
130.601624	32.933102	5
130.655457	32.938423	5
130.709320	32.943706	12
130.763184	32.948952	12
130.817047	32.954178	12
130.870911	32.959366	5
130.924805	32.964535	5
130.978699	32.969666	5
131.032593	32.974766	5
131.086487	32.979828	12
131.140411	32.984875	12
131.194336	32.989887	5
131.248291	32.994862	5
131.302216	32.999806	5
131.356140	33.004730	5
131.410095	33.009617	5
131.464081	33.014473	5
131.518066	33.019299	5
131.572021	33.024101	5
131.626007	33.028866	5
131.679993	33.033608	5
131.734009	33.038307	5
131.788025	33.042984	5
131.842041	33.047630	5
131.896057	33.052250	5
131.950073	33.056831	17
132.004150	33.061382	17
132.058167	33.065906	17
132.112244	33.070396	17
132.166290	33.074863	17
132.220367	33.079296	17
132.274445	33.083687	17
132.328522	33.088055	17
132.382629	33.092400	17
132.436707	33.096714	17
128.768860	32.779537	17
128.822418	32.785873	17
128.875977	32.792187	17
128.929565	32.798470	17
128.983154	32.804718	17
129.036743	32.810936	17
129.090363	32.817139	17
129.143982	32.823299	17
129.197632	32.829437	17
129.251251	32.835526	17
129.304901	32.841606	17
129.358582	32.847649	17
129.412231	32.853664	17
129.465912	32.859642	17
129.519592	32.865589	17
129.573303	32.871517	17
129.627014	32.877403	17
129.680725	32.883266	17
129.734436	32.889099	5
129.788177	32.894894	5
129.841919	32.900673	17
129.895691	32.906418	17
129.949432	32.912125	17
130.003204	32.917805	5
130.057007	32.923451	5
130.110779	32.929077	5
130.164551	32.934669	5
130.218384	32.940239	17
130.272217	32.945751	17
130.326019	32.951252	17
130.379852	32.956726	17
130.433716	32.962162	17
130.487549	32.967564	13
130.541412	32.972950	5
130.595276	32.978291	5
130.649170	32.983616	5
130.703033	32.988907	12
130.756927	32.994160	12
130.810852	32.999386	12
130.864746	33.004578	5
130.918671	33.009750	5
130.972595	33.014874	5
131.026520	33.019985	12
131.080475	33.025059	12
131.134399	33.030106	5
131.188385	33.035118	5
131.242340	33.040100	5
131.296326	33.045063	5
131.350311	33.049980	5
131.404297	33.054871	5
131.458313	33.059723	5
131.512299	33.064564	5
131.566315	33.069367	5
131.620361	33.074139	5
131.674377	33.078880	5
131.728394	33.083584	5
131.782471	33.088265	5
131.836517	33.092915	5
131.890564	33.097534	17
131.944641	33.102119	17
131.998718	33.106678	17
132.052795	33.111206	17
132.106873	33.115700	17
132.160980	33.120167	17
132.215088	33.124600	17
132.269196	33.128994	17
132.323303	33.133377	17
132.377441	33.137726	17
132.431580	33.142036	17
128.761292	32.824558	17
128.814880	32.830914	17
128.868469	32.837227	17
128.922119	32.843514	17
128.975739	32.849773	17
129.029358	32.856007	17
129.083008	32.862198	17
129.136658	32.868366	17
129.190338	32.874500	17
129.244019	32.880608	17
129.297668	32.886681	17
129.351379	32.892738	17
129.405090	32.898754	17
129.458801	32.904739	17
129.512512	32.910694	17
129.566254	32.916626	17
129.619995	32.922512	17
129.673767	32.928387	5
129.727509	32.934223	5
129.781281	32.940025	5
129.835052	32.945812	17
129.888855	32.951553	17
129.942627	32.957272	13
129.996460	32.962952	5
130.050262	32.968609	5
130.104095	32.974220	5
130.157928	32.979828	5
130.211761	32.985394	17
130.265625	32.990925	17
130.319458	32.996426	17
130.373352	33.001903	17
130.427246	33.007351	17
130.481110	33.012753	13
130.535004	33.018127	5
130.588928	33.023498	5
130.642822	33.028816	5
130.696747	33.034100	12
130.750671	33.039368	5
130.804626	33.044598	5
130.858582	33.049797	5
130.912537	33.054974	5
130.966492	33.060104	5
131.020447	33.065220	5
131.074432	33.070297	5
131.128418	33.075340	5
131.182434	33.080360	5
131.236420	33.085350	5
131.290436	33.090313	14
131.344452	33.095234	5
131.398499	33.100140	5
131.452515	33.104999	5
131.506561	33.109833	5
131.560608	33.114639	5
131.614685	33.119419	5
131.668732	33.124149	5
131.722809	33.128864	5
131.776886	33.133553	5
131.830994	33.138199	17
131.885071	33.142826	17
131.939178	33.147419	17
131.993286	33.151978	17
132.047424	33.156506	17
132.101532	33.161011	17
132.155670	33.165485	17
132.209808	33.169914	17
132.263977	33.174324	17
132.318115	33.178707	17
132.372253	33.183052	17
132.426453	33.187366	17
128.753723	32.869591	17
128.807343	32.875954	17
128.860992	32.882271	17
128.914642	32.888569	17
128.968292	32.894833	17
129.021973	32.901062	5
129.075653	32.907265	17
129.129333	32.913441	17
129.183044	32.919582	17
129.236755	32.925701	17
129.290466	32.931774	17
129.344177	32.937832	17
129.397949	32.943855	17
129.451691	32.949837	17
129.505432	32.955795	17
129.559204	32.961735	17
129.612976	32.967648	17
129.666779	32.973515	5
129.720581	32.979347	5
129.774384	32.985157	5
129.828186	32.990940	17
129.882019	32.996693	17
129.935852	33.002411	17
129.989685	33.008106	5
130.043518	33.013760	5
130.097412	33.019394	5
130.151276	33.024994	12
130.205139	33.030559	17
130.259033	33.036102	17
130.312927	33.041611	17
130.366821	33.047077	17
130.420746	33.052536	17
130.474670	33.057938	13
130.528625	33.063339	5
130.582550	33.068695	5
130.636475	33.074024	5
130.690430	33.079319	5
130.744415	33.084576	5
130.798401	33.089817	5
130.852356	33.095020	5
130.906372	33.100193	5
130.960358	33.105335	5
131.014374	33.110451	5
131.068390	33.115543	5
131.122406	33.120586	5
131.176453	33.125614	5
131.230469	33.130600	5
131.284546	33.135571	5
131.338562	33.140499	5
131.392639	33.145401	5
131.446716	33.150265	5
131.500793	33.155106	5
131.554871	33.159916	5
131.608978	33.164696	5
131.663086	33.169441	5
131.717194	33.174152	5
131.771301	33.178852	5
131.825439	33.183498	17
131.879578	33.188133	17
131.933716	33.192726	17
131.987854	33.197292	17
132.041992	33.201828	17
132.096191	33.206329	17
132.150330	33.210804	17
132.204529	33.215233	17
132.258698	33.219650	17
132.312897	33.224033	17
132.367096	33.228386	17
132.421295	33.232712	17
128.746124	32.914646	17
128.799805	32.921001	17
128.853455	32.927322	17
128.907166	32.933624	17
128.960846	32.939896	17
129.014557	32.946140	5
129.068268	32.952343	5
129.122009	32.958511	5
129.175720	32.964665	5
129.229492	32.970783	17
129.283234	32.976875	17
129.337006	32.982922	17
129.390778	32.988945	17
129.444550	32.994949	17
129.498352	33.000919	17
129.552155	33.006855	17
129.605957	33.012760	17
129.659790	33.018642	5
129.713623	33.024487	5
129.767456	33.030296	17
129.821289	33.036087	17
129.875183	33.041843	5
129.929047	33.047569	5
129.982910	33.053257	5
130.036804	33.058926	5
130.090698	33.064556	5
130.144592	33.070167	17
130.198517	33.075737	17
130.252441	33.081272	17
130.306396	33.086788	17
130.360321	33.092278	17
130.414246	33.097729	12
130.468201	33.103146	12
130.522186	33.108547	5
130.576172	33.113903	5
130.630157	33.119228	5
130.684143	33.124542	5
130.738159	33.129799	5
130.792175	33.135040	5
130.846191	33.140255	5
130.900208	33.145435	5
130.954224	33.150585	5
131.008270	33.155697	5
131.062317	33.160786	5
131.116394	33.165840	5
131.170471	33.170868	5
131.224548	33.175861	5
131.278625	33.180836	5
131.332703	33.185761	5
131.386810	33.190670	12
131.440918	33.195541	5
131.495026	33.200390	5
131.549133	33.205193	5
131.603271	33.209984	13
131.657410	33.214741	13
131.711548	33.219452	13
131.765717	33.224152	5
131.819885	33.228809	5
131.874054	33.233440	5
131.928223	33.238033	17
131.982422	33.242603	17
132.036621	33.247139	17
132.090820	33.251656	17
132.145020	33.256130	17
132.199219	33.260571	17
132.253448	33.264992	17
132.307678	33.269379	17
132.361908	33.273727	17
132.416138	33.278053	17
128.738525	32.959694	17
128.792236	32.966061	17
128.845947	32.972385	17
128.899658	32.978695	17
128.953400	32.984966	17
129.007141	32.991211	17
129.060883	32.997421	17
129.114655	33.003601	17
129.168396	33.009758	17
129.222198	33.015881	17
129.276001	33.021973	17
129.329773	33.028034	17
129.383606	33.034065	17
129.437439	33.040073	17
129.491241	33.046036	17
129.545105	33.051983	17
129.598938	33.057892	17
129.652802	33.063778	17
129.706665	33.069626	12
129.760559	33.075447	17
129.814423	33.081234	17
129.868317	33.086998	5
129.922241	33.092720	5
129.976135	33.098423	5
130.030060	33.104099	5
130.083984	33.109734	12
130.137939	33.115345	17
130.191895	33.120922	17
130.245850	33.126465	17
130.299805	33.131985	17
130.353790	33.137478	17
130.407776	33.142933	12
130.461761	33.148354	12
130.515747	33.153755	12
130.569763	33.159122	5
130.623779	33.164463	5
130.677826	33.169754	5
130.731873	33.175034	5
130.785919	33.180275	5
130.839966	33.185490	5
130.894043	33.190674	5
130.948120	33.195824	5
131.002197	33.200951	5
131.056274	33.206039	5
131.110352	33.211101	5
131.164459	33.216133	5
131.218567	33.221134	5
131.272705	33.226105	5
131.326843	33.231037	5
131.380981	33.235947	5
131.435120	33.240822	5
131.489258	33.245670	5
131.543396	33.250500	17
131.597595	33.255283	17
131.651764	33.260036	17
131.705933	33.264751	17
131.760132	33.269459	17
131.814331	33.274120	17
131.868530	33.278751	17
131.922729	33.283356	17
131.976959	33.287933	17
132.031189	33.292465	17
132.085449	33.296982	17
132.139679	33.301464	17
132.193909	33.305908	17
132.248169	33.310322	17
132.302429	33.314720	17
132.356720	33.319084	17
132.411011	33.323406	17
128.730927	33.004742	17
128.784668	33.011116	17
128.838409	33.017456	17
128.892151	33.023769	17
128.945923	33.030056	17
128.999695	33.036289	17
129.053497	33.042511	17
129.107300	33.048706	17
129.161072	33.054859	17
129.214905	33.060986	17
129.268738	33.067093	17
129.322571	33.073154	17
129.376404	33.079186	17
129.430267	33.085194	17
129.484131	33.091164	17
129.538025	33.097126	17
129.591888	33.103035	17
129.645782	33.108921	17
129.699707	33.114784	17
129.753601	33.120609	5
129.807526	33.126396	5
129.861450	33.132168	5
129.915405	33.137894	5
129.969360	33.143604	5
130.023315	33.149280	5
130.077271	33.154915	5
130.131256	33.160530	12
130.185242	33.166119	12
130.239227	33.171661	12
130.293213	33.177189	12
130.347229	33.182686	12
130.401245	33.188148	12
130.455292	33.193577	12
130.509338	33.198971	12
130.563385	33.204346	12
130.617432	33.209686	12
130.671509	33.214996	5
130.725586	33.220268	5
130.779663	33.225517	5
130.833740	33.230736	5
130.887848	33.235931	5
130.941956	33.241081	5
130.996063	33.246204	5
131.050201	33.251305	5
131.104309	33.256374	5
131.158447	33.261410	5
131.212616	33.266411	5
131.266785	33.271385	5
131.320923	33.276329	5
131.375122	33.281246	5
131.429291	33.286121	5
131.483459	33.290970	5
131.537659	33.295799	17
131.591858	33.300583	17
131.646088	33.305344	17
131.700317	33.310070	17
131.754517	33.314777	17
131.808777	33.319443	17
131.863007	33.324085	17
131.917236	33.328686	17
131.971497	33.333260	17
132.025757	33.337810	17
132.080048	33.342323	17
132.134338	33.346809	17
132.188599	33.351257	17
132.242920	33.355679	17
132.297211	33.360077	17
132.351501	33.364433	17
132.405823	33.368763	17
128.723297	33.049812	17
128.777069	33.056187	17
128.830872	33.062534	17
128.884644	33.068844	17
128.938446	33.075142	17
128.992249	33.081387	17
129.046082	33.087604	17
129.099915	33.093803	17
129.153748	33.099972	17
129.207611	33.106094	17
129.261475	33.112206	17
129.315338	33.118275	17
129.369232	33.124313	17
129.423096	33.130333	17
129.477020	33.136307	17
129.530945	33.142265	17
129.584839	33.148178	17
129.638794	33.154072	17
129.692719	33.159935	17
129.746643	33.165768	17
129.800598	33.171562	5
129.854584	33.177338	5
129.908569	33.183071	5
129.962555	33.188778	5
130.016541	33.194458	5
130.070557	33.200104	12
130.124573	33.205727	12
130.178589	33.211319	12
130.232605	33.216873	12
130.286652	33.222404	12
130.340698	33.227890	12
130.394775	33.233360	12
130.448822	33.238796	12
130.502899	33.244194	13
130.556976	33.249573	13
130.611084	33.254929	5
130.665161	33.260239	5
130.719299	33.265514	5
130.773407	33.270760	5
130.827515	33.275993	5
130.881653	33.281185	5
130.935791	33.286346	5
130.989960	33.291481	5
131.044128	33.296581	5
131.098267	33.301651	5
131.152466	33.306686	5
131.206635	33.311687	5
131.260834	33.316677	13
131.315033	33.321617	5
131.369263	33.326534	5
131.423462	33.331413	5
131.477692	33.336277	17
131.531921	33.341103	17
131.586151	33.345894	17
131.640411	33.350658	17
131.694641	33.355385	17
131.748901	33.360092	17
131.803192	33.364773	17
131.857483	33.369408	17
131.911743	33.374012	17
131.966064	33.378601	17
132.020355	33.383144	17
132.074646	33.387672	17
132.128967	33.392159	17
132.183289	33.396610	17
132.237610	33.401039	17
132.291962	33.405430	17
132.346313	33.409798	17
132.400635	33.414131	17
128.715698	33.094883	17
128.769470	33.101265	17
128.823303	33.107616	17
128.877136	33.113934	17
128.930969	33.120228	17
128.984802	33.126480	17
129.038666	33.132713	17
129.092529	33.138912	17
129.146423	33.145084	17
129.200317	33.151211	17
129.254211	33.157326	17
129.308105	33.163399	17
129.362030	33.169441	17
129.415955	33.175461	17
129.469879	33.181450	17
129.523834	33.187405	17
129.577789	33.193333	17
129.631775	33.199226	5
129.685730	33.205097	5
129.739716	33.210930	5
129.793701	33.216732	5
129.847717	33.222507	5
129.901733	33.228256	5
129.955750	33.233959	5
130.009766	33.239651	5
130.063812	33.245300	5
130.117859	33.250927	5
130.171936	33.256519	12
130.225983	33.262081	12
130.280060	33.267605	13
130.334137	33.273109	12
130.388245	33.278584	12
130.442322	33.284019	12
130.496460	33.289433	12
130.550568	33.294815	13
130.604675	33.300163	5
130.658813	33.305473	5
130.712982	33.310753	5
130.767151	33.316021	5
130.821289	33.321251	5
130.875458	33.326450	5
130.929626	33.331608	5
130.983826	33.336746	17
131.038025	33.341850	17
131.092224	33.346916	17
131.146423	33.351971	17
131.200684	33.356979	17
131.254883	33.361961	17
131.309143	33.366920	17
131.363373	33.371826	17
131.417633	33.376724	17
131.471893	33.381584	17
131.526154	33.386417	17
131.580444	33.391216	17
131.634705	33.395985	17
131.689026	33.400719	17
131.743286	33.405426	17
131.797607	33.410095	17
131.851929	33.414753	17
131.906250	33.419365	17
131.960571	33.423943	17
132.014923	33.428501	17
132.069275	33.433010	17
132.123596	33.437515	17
132.177979	33.441971	17
132.232330	33.446392	17
132.286713	33.450802	17
132.341095	33.455174	17
132.395477	33.459511	17
128.708038	33.139957	17
128.761902	33.146347	17
128.815735	33.152702	17
128.869598	33.159027	17
128.923462	33.165325	17
128.977356	33.171581	17
129.031250	33.177822	17
129.085144	33.184029	17
129.139069	33.190193	17
129.192993	33.196339	17
129.246918	33.202450	17
129.300842	33.208538	17
129.354797	33.214588	17
129.408752	33.220612	5
129.462769	33.226597	5
129.516724	33.232559	17
129.570740	33.238483	5
129.624725	33.244396	5
129.678711	33.250271	5
129.732758	33.256096	5
129.786774	33.261909	5
129.840820	33.267693	5
129.894867	33.273441	5
129.948914	33.279159	5
130.002991	33.284843	5
130.057068	33.290501	5
130.111145	33.296127	5
130.165222	33.301731	5
130.219360	33.307293	5
130.273438	33.312832	12
130.327576	33.318337	12
130.381714	33.323814	12
130.435852	33.329258	12
130.489990	33.334667	17
130.544128	33.340050	17
130.598328	33.345409	17
130.652466	33.350727	17
130.706665	33.356014	17
130.760864	33.361286	17
130.815063	33.366512	17
130.869263	33.371716	17
130.923462	33.376881	17
130.977692	33.382023	17
131.031921	33.387135	17
131.086182	33.392216	17
131.140442	33.397259	17
131.194672	33.402275	17
131.248962	33.407261	17
131.303223	33.412212	17
131.357483	33.417145	17
131.411804	33.422039	17
131.466064	33.426895	17
131.520386	33.431736	17
131.574707	33.436535	17
131.629028	33.441315	17
131.683350	33.446049	17
131.737671	33.450756	17
131.792023	33.455437	17
131.846375	33.460095	17
131.900757	33.464706	17
131.955109	33.469299	17
132.009460	33.473854	17
132.063843	33.478386	17
132.118225	33.482872	17
132.172638	33.487339	17
132.227051	33.491768	17
132.281433	33.496174	17
132.335876	33.500553	17
132.390289	33.504887	17
128.700378	33.185043	17
128.754272	33.191433	17
128.808167	33.197792	17
128.862061	33.204117	17
128.915955	33.210419	17
128.969879	33.216694	17
129.023804	33.222931	17
129.077759	33.229145	17
129.131714	33.235317	17
129.185669	33.241467	17
129.239624	33.247582	17
129.293610	33.253681	17
129.347595	33.259731	17
129.401611	33.265759	17
129.455597	33.271755	5
129.509613	33.277718	17
129.563660	33.283649	5
129.617676	33.289562	5
129.671722	33.295445	5
129.725769	33.301281	5
129.779846	33.307095	5
129.833923	33.312878	17
129.888000	33.318634	5
129.942078	33.324352	5
129.996216	33.330048	5
130.050293	33.335716	17
130.104431	33.341343	17
130.158569	33.346943	17
130.212708	33.352516	17
130.266846	33.358055	17
130.320984	33.363563	17
130.375183	33.369045	17
130.429321	33.374493	17
130.483521	33.379917	17
130.537720	33.385300	17
130.591919	33.390663	17
130.646118	33.395985	17
130.700348	33.401287	17
130.754578	33.406555	17
130.808807	33.411785	17
130.863037	33.416992	17
130.917297	33.422157	17
130.971558	33.427311	17
131.025818	33.432423	17
131.080109	33.437504	17
131.134399	33.442562	17
131.188660	33.447575	17
131.242981	33.452568	17
131.297302	33.457527	17
131.351624	33.462456	17
131.405945	33.467350	17
131.460266	33.472229	17
131.514587	33.477058	17
131.568970	33.481857	17
131.623322	33.486637	17
131.677673	33.491394	17
131.732056	33.496105	17
131.786438	33.500786	17
131.840820	33.505432	17
131.895203	33.510059	17
131.949615	33.514648	17
132.004028	33.519211	17
132.058441	33.523739	17
132.112854	33.528236	17
132.167297	33.532715	17
132.221741	33.537144	17
132.276184	33.541550	17
132.330627	33.545937	17
132.385101	33.550274	17
128.692749	33.230129	17
128.746643	33.236527	17
128.800568	33.242893	17
128.854492	33.249229	17
128.908447	33.255535	17
128.962402	33.261810	17
129.016357	33.268051	17
129.070343	33.274262	17
129.124329	33.280449	17
129.178314	33.286602	17
129.232330	33.292725	17
129.286316	33.298821	17
129.340363	33.304886	17
129.394409	33.310917	17
129.448425	33.316914	5
129.502502	33.322880	17
129.556549	33.328823	17
129.610626	33.334736	17
129.664703	33.340626	17
129.718811	33.346470	17
129.772888	33.352287	17
129.827026	33.358074	17
129.881134	33.363834	17
129.935242	33.369568	17
129.989380	33.375256	17
130.043549	33.380932	17
130.097717	33.386566	17
130.151855	33.392174	17
130.206055	33.397743	17
130.260223	33.403297	17
130.314423	33.408806	17
130.368622	33.414291	17
130.422821	33.419739	17
130.477051	33.425163	17
130.531281	33.430561	17
130.585510	33.435921	17
130.639771	33.441257	17
130.694031	33.446556	17
130.748291	33.451828	17
130.802551	33.457062	17
130.856812	33.462269	17
130.911133	33.467453	17
130.965393	33.472603	17
131.019714	33.477715	17
131.074036	33.482807	17
131.128357	33.487858	17
131.182678	33.492882	17
131.237000	33.497879	17
131.291382	33.502850	17
131.345703	33.507774	17
131.400085	33.512680	17
131.454468	33.517548	17
131.508820	33.522396	17
131.563202	33.527203	17
131.617615	33.531986	17
131.671997	33.536728	17
131.726410	33.541447	17
131.780823	33.546139	17
131.835266	33.550785	17
131.889679	33.555428	17
131.944122	33.560013	17
131.998566	33.564579	17
132.053040	33.569107	17
132.107483	33.573616	17
132.161957	33.578083	17
132.216431	33.582523	17
132.270935	33.586945	17
132.325409	33.591316	17
132.379883	33.595669	17
128.685059	33.275223	17
128.739014	33.281632	17
128.792969	33.288002	17
128.846924	33.294342	17
128.900940	33.300655	17
128.954895	33.306938	17
129.008911	33.313183	17
129.062927	33.319393	17
129.116943	33.325588	17
129.170959	33.331749	17
129.225006	33.337879	17
129.279053	33.343971	17
129.333130	33.350040	17
129.387207	33.356079	17
129.441284	33.362080	17
129.495361	33.368065	17
129.549438	33.374012	17
129.603577	33.379921	17
129.657684	33.385803	17
129.711792	33.391659	17
129.765930	33.397488	17
129.820099	33.403275	17
129.874268	33.409046	17
129.928406	33.414780	17
129.982605	33.420483	17
130.036774	33.426155	17
130.090942	33.431789	17
130.145172	33.437408	17
130.199371	33.442982	17
130.253601	33.448532	17
130.307831	33.454041	17
130.362061	33.459541	17
130.416321	33.464993	17
130.470581	33.470425	17
130.524841	33.475822	17
130.579102	33.481186	17
130.633362	33.486527	17
130.687683	33.491825	17
130.741974	33.497101	17
130.796265	33.502350	17
130.850586	33.507565	17
130.904907	33.512741	17
130.959259	33.517895	17
131.013611	33.523014	17
131.067932	33.528107	17
131.122314	33.533165	17
131.176666	33.538197	17
131.231018	33.543201	17
131.285400	33.548172	17
131.339813	33.553104	17
131.394226	33.558006	17
131.448608	33.562882	17
131.503052	33.567726	17
131.557434	33.572548	17
131.611877	33.577339	17
131.666321	33.582081	17
131.720764	33.586807	17
131.775208	33.591496	17
131.829681	33.596165	17
131.884155	33.600788	17
131.938629	33.605389	17
131.993103	33.609959	17
132.047607	33.614498	17
132.102112	33.619003	17
132.156616	33.623470	17
132.211121	33.627918	17
132.265625	33.632336	17
132.320160	33.636711	17
132.374695	33.641067	17
128.677368	33.320320	17
128.731384	33.326729	17
128.785370	33.333111	17
128.839355	33.339455	17
128.893372	33.345779	17
128.947418	33.352062	17
129.001465	33.358314	17
129.055481	33.364544	17
129.109558	33.370731	17
129.163635	33.376900	17
129.217682	33.383030	17
129.271790	33.389133	17
129.325867	33.395199	17
129.379974	33.401249	17
129.434082	33.407261	17
129.488220	33.413242	17
129.542358	33.419186	17
129.596497	33.425117	17
129.650635	33.431004	17
129.704834	33.436855	17
129.758972	33.442692	17
129.813171	33.448486	17
129.867371	33.454254	17
129.921570	33.459992	17
129.975769	33.465706	17
130.029968	33.471374	17
130.084229	33.477020	17
130.138458	33.482636	17
130.192688	33.488216	17
130.246948	33.493774	17
130.301208	33.499298	17
130.355499	33.504799	17
130.409790	33.510261	17
130.464050	33.515686	17
130.518372	33.521091	17
130.572693	33.526466	17
130.627014	33.531803	17
130.681335	33.537106	17
130.735657	33.542385	17
130.790009	33.547642	17
130.844360	33.552856	17
130.898712	33.558044	17
130.953094	33.563206	17
131.007446	33.568321	17
131.061829	33.573422	17
131.116241	33.578495	17
131.170654	33.583511	17
131.225037	33.588524	17
131.279480	33.593502	17
131.333923	33.598446	17
131.388336	33.603352	17
131.442780	33.608227	17
131.497223	33.613075	17
131.551697	33.617905	17
131.606140	33.622688	17
131.660645	33.627441	17
131.715118	33.632168	17
131.769592	33.636860	17
131.824097	33.641529	17
131.878601	33.646156	17
131.933105	33.650765	17
131.987640	33.655334	17
132.042175	33.659882	17
132.096680	33.664387	17
132.151245	33.668869	17
132.205811	33.673313	17
132.260345	33.677734	17
132.314911	33.682117	17
132.369476	33.686481	17
128.669678	33.365437	17
128.723694	33.371853	17
128.777740	33.378239	17
128.831787	33.384586	17
128.885834	33.390900	17
128.939880	33.397198	17
128.993958	33.403458	17
129.048035	33.409683	17
129.102142	33.415886	17
129.156250	33.422050	17
129.210358	33.428192	17
129.264465	33.434296	17
129.318604	33.440380	17
129.372742	33.446426	17
129.426910	33.452434	17
129.481079	33.458424	17
129.535217	33.464382	17
129.589417	33.470306	17
129.643616	33.476200	17
129.697815	33.482067	17
129.752014	33.487900	17
129.806213	33.493706	17
129.860474	33.499477	17
129.914673	33.505215	17
129.968933	33.510933	17
130.023193	33.516609	17
130.077454	33.522263	17
130.131714	33.527885	17
130.186035	33.533474	17
130.240295	33.539036	17
130.294617	33.544556	17
130.348938	33.550060	17
130.403259	33.555523	17
130.457581	33.560966	17
130.511902	33.566364	17
130.566254	33.571743	17
130.620605	33.577084	17
130.674988	33.582397	17
130.729340	33.587688	17
130.783722	33.592937	17
130.838104	33.598164	17
130.892517	33.603352	17
130.946899	33.608509	17
131.001343	33.613644	17
131.055756	33.618748	17
131.110168	33.623810	17
131.164612	33.628845	17
131.219055	33.633858	17
131.273499	33.638840	17
131.328003	33.643776	17
131.382446	33.648689	17
131.436951	33.653576	17
131.491425	33.658436	17
131.545898	33.663254	17
131.600403	33.668045	17
131.654938	33.672810	17
131.709473	33.677544	17
131.763977	33.682240	17
131.818512	33.686905	17
131.873047	33.691536	17
131.927612	33.696152	17
131.982178	33.700729	17
132.036743	33.705261	17
132.091309	33.709785	17
132.145874	33.714264	17
132.200439	33.718716	17
132.255066	33.723141	17
132.309662	33.727535	17
132.364258	33.731895	17
128.661987	33.410549	17
128.716064	33.416969	17
128.770111	33.423363	17
128.824188	33.429722	17
128.878296	33.436039	17
128.932373	33.442341	17
128.986481	33.448601	17
129.040588	33.454830	17
129.094727	33.461044	17
129.148865	33.467213	17
129.203003	33.473362	17
129.257172	33.479473	17
129.311340	33.485554	17
129.365540	33.491604	17
129.419708	33.497623	17
129.473907	33.503616	17
129.528107	33.509579	17
129.582336	33.515514	17
129.636536	33.521416	17
129.690796	33.527275	17
129.745026	33.533115	17
129.799286	33.538929	17
129.853546	33.544701	17
129.907837	33.550446	17
129.962097	33.556164	17
130.016418	33.561852	17
130.070679	33.567512	17
130.125000	33.573132	17
130.179321	33.578724	17
130.233643	33.584286	17
130.287994	33.589821	17
130.342346	33.595326	17
130.396698	33.600788	17
130.451050	33.606239	17
130.505432	33.611656	17
130.559814	33.617031	17
130.614197	33.622383	17
130.668610	33.627701	17
130.723022	33.632984	17
130.777435	33.638245	17
130.831848	33.643467	17
130.886292	33.648666	17
130.940735	33.653824	17
130.995178	33.658966	17
131.049622	33.664059	17
131.104126	33.669144	17
131.158569	33.674191	17
131.213074	33.679195	17
131.267578	33.684174	17
131.322052	33.689125	17
131.376587	33.694042	17
131.431091	33.698937	17
131.485596	33.703789	17
131.540131	33.708618	17
131.594666	33.713413	17
131.649231	33.718178	17
131.703796	33.722912	17
131.758362	33.727608	17
131.812927	33.732288	17
131.867493	33.736927	17
131.922089	33.741539	17
131.976685	33.746117	17
132.031281	33.750671	17
132.085876	33.755188	17
132.140503	33.759674	17
132.195129	33.764133	17
132.249756	33.768555	17
132.304382	33.772949	17
132.359039	33.777309	17
128.654297	33.455673	17
128.708374	33.462101	17
128.762482	33.468494	17
128.816589	33.474853	17
128.870728	33.481186	17
128.924866	33.487476	17
128.979004	33.493752	17
129.033142	33.499996	17
129.087311	33.506206	17
129.141479	33.512383	17
129.195679	33.518528	17
129.249878	33.524651	17
129.304077	33.530739	17
129.358276	33.536800	17
129.412476	33.542820	17
129.466736	33.548817	17
129.520966	33.554783	17
129.575226	33.560719	17
129.629486	33.566624	17
129.683777	33.572498	17
129.738037	33.578335	17
129.792328	33.584148	17
129.846619	33.589935	17
129.900940	33.595692	17
129.955261	33.601417	17
130.009583	33.607094	17
130.063904	33.612766	17
130.118286	33.618381	17
130.172607	33.623989	17
130.226990	33.629562	17
130.281372	33.635094	17
130.335754	33.640602	17
130.390137	33.646072	17
130.444519	33.651531	17
130.498962	33.656944	17
130.553375	33.662327	17
130.607788	33.667679	17
130.662231	33.673000	17
130.716675	33.678299	17
130.771118	33.683552	17
130.825592	33.688782	17
130.880066	33.693981	17
130.934540	33.699158	17
130.989014	33.704296	17
131.043518	33.709396	17
131.098022	33.714474	17
131.152527	33.719524	17
131.207062	33.724537	17
131.261597	33.729523	17
131.316101	33.734478	17
131.370667	33.739399	17
131.425232	33.744286	17
131.479797	33.749149	17
131.534363	33.753979	17
131.588928	33.758789	17
131.643494	33.763554	17
131.698120	33.768295	17
131.752686	33.772999	17
131.807312	33.777672	17
131.861938	33.782330	17
131.916565	33.786934	17
131.971191	33.791523	17
132.025818	33.796070	17
132.080444	33.800598	17
132.135132	33.805080	17
132.189758	33.809551	17
132.244446	33.813972	17
132.299133	33.818375	17
132.353821	33.822742	17
128.646545	33.500805	17
128.700684	33.507236	17
128.754822	33.513626	17
128.808960	33.519997	17
128.863129	33.526341	17
128.917297	33.532639	17
128.971497	33.538914	17
129.025696	33.545166	17
129.079895	33.551380	17
129.134094	33.557568	17
129.188293	33.563721	17
129.242554	33.569836	17
129.296753	33.575928	17
129.351013	33.581993	17
129.405273	33.588028	17
129.459534	33.594025	17
129.513824	33.600002	17
129.568115	33.605930	17
129.622437	33.611847	17
129.676727	33.617722	17
129.731018	33.623570	17
129.785370	33.629395	17
129.839722	33.635178	17
129.894043	33.640938	17
129.948425	33.646656	17
130.002747	33.652348	17
130.057129	33.658020	17
130.111511	33.663658	17
130.165924	33.669258	17
130.220337	33.674831	17
130.274719	33.680366	17
130.329163	33.685890	17
130.383575	33.691364	17
130.438019	33.696812	17
130.492462	33.702232	17
130.546906	33.707622	17
130.601379	33.712982	17
130.655853	33.718300	17
130.710327	33.723602	17
130.764832	33.728870	17
130.819336	33.734096	17
130.873840	33.739307	17
130.928345	33.744480	17
130.982849	33.749618	17
131.037415	33.754734	17
131.091919	33.759819	17
131.146484	33.764866	17
131.201050	33.769894	17
131.255615	33.774887	17
131.310181	33.779842	17
131.364746	33.784767	17
131.419373	33.789658	17
131.473938	33.794533	17
131.528564	33.799358	17
131.583191	33.804165	17
131.637787	33.808933	17
131.692413	33.813686	17
131.747070	33.818386	17
131.801697	33.823074	17
131.856354	33.827725	17
131.911011	33.832344	17
131.965698	33.836922	17
132.020355	33.841484	17
132.075043	33.846008	17
132.129730	33.850498	17
132.184418	33.854965	17
132.239136	33.859402	17
132.293823	33.863804	17
132.348572	33.868175	17
128.638855	33.545937	17
128.692993	33.552372	17
128.747162	33.558777	17
128.801361	33.565144	17
128.855530	33.571491	17
128.909760	33.577801	17
128.963989	33.584084	17
129.018188	33.590336	17
129.072449	33.596546	17
129.126678	33.602734	17
129.180939	33.608902	17
129.235199	33.615021	17
129.289490	33.621124	17
129.343750	33.627190	17
129.398071	33.633224	17
129.452362	33.639236	17
129.506653	33.645210	17
129.561005	33.651146	17
129.615326	33.657078	17
129.669678	33.662956	17
129.724030	33.668808	17
129.778381	33.674633	17
129.832764	33.680420	17
129.887146	33.686188	17
129.941528	33.691910	17
129.995941	33.697613	17
130.050354	33.703289	17
130.104767	33.708927	17
130.159180	33.714531	17
130.213623	33.720112	17
130.268066	33.725651	17
130.322540	33.731178	17
130.377014	33.736664	17
130.431458	33.742100	17
130.485962	33.747532	17
130.540466	33.752926	17
130.594971	33.758297	17
130.649475	33.763618	17
130.703979	33.768928	17
130.758484	33.774197	17
130.813049	33.779434	17
130.867584	33.784645	17
130.922119	33.789814	17
130.976685	33.794972	17
131.031250	33.800095	17
131.085846	33.805180	17
131.140442	33.810226	17
131.195007	33.815254	17
131.249634	33.820248	17
131.304230	33.825207	17
131.358856	33.830139	17
131.413483	33.835033	17
131.468109	33.839905	17
131.522766	33.844749	17
131.577393	33.849552	17
131.632080	33.854328	17
131.686707	33.859070	17
131.741394	33.863792	17
131.796082	33.868477	17
131.850769	33.873127	17
131.905457	33.877754	17
131.960175	33.882347	17
132.014893	33.886898	17
132.069611	33.891438	17
132.124329	33.895920	17
132.179077	33.900394	17
132.233826	33.904831	17
132.288574	33.909244	17
132.343323	33.913616	17
128.631104	33.591087	17
128.685303	33.597527	17
128.739502	33.603931	17
128.793701	33.610302	17
128.847961	33.616650	17
128.902191	33.622974	17
128.956421	33.629253	17
129.010712	33.635509	17
129.064972	33.641731	17
129.119263	33.647930	17
129.173553	33.654098	17
129.227844	33.660232	17
129.282166	33.666332	17
129.336487	33.672405	17
129.390808	33.678448	17
129.445160	33.684460	17
129.499512	33.690426	17
129.553864	33.696381	17
129.608246	33.702305	17
129.662628	33.708187	17
129.717010	33.714062	17
129.771423	33.719879	17
129.825806	33.725674	17
129.880249	33.731441	17
129.934662	33.737183	17
129.989105	33.742882	17
130.043549	33.748554	17
130.098022	33.754196	17
130.152466	33.759819	17
130.206940	33.765392	17
130.261414	33.770954	17
130.315918	33.776466	17
130.370422	33.781959	17
130.424927	33.787422	17
130.479431	33.792843	17
130.533997	33.798248	17
130.588501	33.803612	17
130.643066	33.808948	17
130.697632	33.814251	17
130.752197	33.819527	17
130.806763	33.824776	17
130.861328	33.829983	17
130.915924	33.835175	17
130.970520	33.840328	17
131.025116	33.845436	17
131.079712	33.850532	17
131.134338	33.855587	17
131.188965	33.860615	17
131.243622	33.865616	17
131.298279	33.870579	17
131.352905	33.875515	17
131.407593	33.880421	17
131.462280	33.885292	17
131.516937	33.890133	17
131.571625	33.894943	17
131.626343	33.899731	17
131.681030	33.904476	17
131.735718	33.909187	17
131.790466	33.913887	17
131.845184	33.918533	17
131.899902	33.923168	17
131.954651	33.927765	17
132.009399	33.932327	17
132.064148	33.936863	17
132.118927	33.941364	17
132.173706	33.945835	17
132.228455	33.950283	17
132.283264	33.954689	17
132.338074	33.959061	17
128.623352	33.636234	17
128.677551	33.642674	17
128.731812	33.649090	17
128.786072	33.655468	17
128.840332	33.661816	17
128.894623	33.668140	17
128.948914	33.674439	17
129.003204	33.680691	17
129.057495	33.686924	17
129.111816	33.693123	17
129.166138	33.699291	17
129.220490	33.705433	17
129.274841	33.711548	17
129.329224	33.717606	17
129.383575	33.723667	17
129.437927	33.729675	17
129.492340	33.735661	17
129.546753	33.741623	17
129.601135	33.747547	17
129.655548	33.753433	17
129.709961	33.759304	17
129.764404	33.765133	17
129.818848	33.770935	17
129.873322	33.776707	17
129.927795	33.782444	17
129.982239	33.788158	17
130.036743	33.793835	17
130.091248	33.799480	17
130.145752	33.805099	17
130.200256	33.810688	17
130.254761	33.816254	17
130.309296	33.821770	17
130.363831	33.827267	17
130.418396	33.832733	17
130.472931	33.838165	17
130.527496	33.843563	17
130.582062	33.848938	17
130.636658	33.854271	17
130.691223	33.859589	17
130.745850	33.864860	17
130.800446	33.870113	17
130.855072	33.875340	17
130.909698	33.880516	17
130.964325	33.885666	17
131.018982	33.890804	17
131.073608	33.895889	17
131.128296	33.900955	17
131.182953	33.905991	17
131.237610	33.910988	17
131.292297	33.915962	17
131.346985	33.920895	17
131.401703	33.925800	17
131.456421	33.930687	17
131.511108	33.935532	17
131.565857	33.940346	17
131.620575	33.945141	17
131.675323	33.949894	17
131.730072	33.954609	17
131.784821	33.959301	17
131.839600	33.963966	17
131.894348	33.968597	17
131.949127	33.973202	17
132.003906	33.977753	17
132.058716	33.982288	17
132.113525	33.986805	17
132.168335	33.991276	17
132.223145	33.995720	17
132.277954	34.000126	17
132.332794	34.004513	17
128.615570	33.681389	17
128.669861	33.687832	17
128.724121	33.694256	17
128.778412	33.700634	17
128.832703	33.706993	17
128.887024	33.713318	17
128.941345	33.719620	17
128.995697	33.725887	17
129.050049	33.732117	17
129.104370	33.738319	17
129.158752	33.744492	17
129.213135	33.750645	17
129.267517	33.756752	17
129.321899	33.762833	17
129.376312	33.768890	17
129.430725	33.774910	17
129.485168	33.780895	17
129.539581	33.786861	17
129.594025	33.792793	17
129.648499	33.798695	17
129.702942	33.804554	17
129.757416	33.810402	17
129.811890	33.816200	17
129.866394	33.821976	17
129.920898	33.827725	17
129.975403	33.833427	17
130.029907	33.839119	17
130.084442	33.844772	17
130.138977	33.850395	17
130.193542	33.855995	17
130.248108	33.861546	17
130.302673	33.867077	17
130.357239	33.872582	17
130.411804	33.878044	17
130.466400	33.883488	17
130.520996	33.888889	17
130.575623	33.894260	17
130.630249	33.899609	17
130.684875	33.904926	17
130.739502	33.910206	17
130.794128	33.915462	17
130.848816	33.920689	17
130.903442	33.925873	17
130.958130	33.931030	17
131.012817	33.936161	17
131.067505	33.941261	17
131.122192	33.946331	17
131.176880	33.951363	17
131.231628	33.956367	17
131.286316	33.961342	17
131.341064	33.966286	17
131.395813	33.971203	17
131.450562	33.976086	17
131.505310	33.980938	17
131.560059	33.985748	17
131.614807	33.990540	17
131.669617	33.995300	17
131.724365	34.000031	17
131.779175	34.004719	17
131.833984	34.009392	17
131.888794	34.014027	17
131.943604	34.018631	17
131.998413	34.023201	17
132.053253	34.027744	17
132.108093	34.032249	17
132.162964	34.036720	17
132.217773	34.041164	17
132.272644	34.045593	17
132.327515	34.049965	17
128.607788	33.726547	17
128.662109	33.732994	17
128.716431	33.739426	17
128.770752	33.745827	17
128.825073	33.752178	17
128.879456	33.758507	17
128.933807	33.764820	17
128.988159	33.771084	17
129.042542	33.777321	17
129.096924	33.783539	17
129.151337	33.789707	17
129.205750	33.795860	17
129.260193	33.801983	17
129.314606	33.808067	17
129.369049	33.814125	17
129.423492	33.820145	17
129.477966	33.826145	17
129.532410	33.832115	17
129.586914	33.838047	17
129.641418	33.843941	17
129.695892	33.849819	17
129.750397	33.855659	17
129.804932	33.861477	17
129.859436	33.867252	17
129.914001	33.873001	17
129.968536	33.878719	17
130.023071	33.884415	17
130.077637	33.890072	17
130.132233	33.895691	17
130.186829	33.901291	17
130.241394	33.906853	17
130.296021	33.912392	17
130.350616	33.917893	17
130.405243	33.923374	17
130.459869	33.928806	17
130.514526	33.934223	17
130.569153	33.939598	17
130.623810	33.944954	17
130.678467	33.950283	17
130.733154	33.955566	17
130.787842	33.960815	17
130.842529	33.966038	17
130.897217	33.971237	17
130.951904	33.976406	17
131.006653	33.981537	17
131.061371	33.986641	17
131.116089	33.991711	17
131.170837	33.996754	17
131.225586	34.001766	17
131.280334	34.006737	17
131.335114	34.011681	17
131.389893	34.016613	17
131.444672	34.021492	17
131.499451	34.026348	17
131.554260	34.031174	17
131.609070	34.035957	17
131.663879	34.040726	17
131.718689	34.045456	17
131.773529	34.050156	17
131.828369	34.054817	17
131.883209	34.059460	17
131.938049	34.064064	17
131.992920	34.068638	17
132.047791	34.073185	17
132.102661	34.077698	17
132.157532	34.082192	17
132.212463	34.086632	17
132.267334	34.091045	17
132.322266	34.095444	17
128.600037	33.771709	17
128.654358	33.778164	17
128.708710	33.784603	17
128.763062	33.790997	17
128.817444	33.797359	17
128.871826	33.803696	17
128.926239	33.810009	17
128.980652	33.816284	17
129.035065	33.822533	17
129.089478	33.828747	17
129.143921	33.834934	17
129.198364	33.841091	17
129.252808	33.847214	17
129.307312	33.853302	17
129.361755	33.859360	17
129.416260	33.865387	17
129.470764	33.871391	17
129.525269	33.877365	17
129.579773	33.883305	17
129.634308	33.889214	17
129.688843	33.895092	17
129.743378	33.900932	17
129.797943	33.906754	17
129.852509	33.912537	17
129.907074	33.918293	17
129.961670	33.924015	17
130.016235	33.929707	17
130.070862	33.935375	17
130.125458	33.941002	17
130.180084	33.946609	17
130.234711	33.952175	17
130.289368	33.957710	17
130.343994	33.963219	17
130.398651	33.968697	17
130.453308	33.974144	17
130.507996	33.979568	17
130.562683	33.984947	17
130.617371	33.990299	17
130.672058	33.995624	17
130.726807	34.000919	17
130.781494	34.006191	17
130.836243	34.011402	17
130.890961	34.016613	17
130.945709	34.021786	17
131.000458	34.026913	17
131.055237	34.032028	17
131.109985	34.037090	17
131.164795	34.042145	17
131.219543	34.047154	17
131.274353	34.052143	17
131.329163	34.057095	17
131.383972	34.062008	17
131.438782	34.066898	17
131.493622	34.071762	17
131.548462	34.076588	17
131.603302	34.081383	17
131.658142	34.086155	17
131.713013	34.090881	17
131.767883	34.095596	17
131.822754	34.100266	17
131.877625	34.104897	17
131.932526	34.109516	17
131.987427	34.114094	17
132.042328	34.118641	17
132.097229	34.123161	17
132.152161	34.127647	17
132.207092	34.132107	17
132.262024	34.136528	17
132.316956	34.140919	17
128.592224	33.816879	17
128.646606	33.823353	17
128.700989	33.829788	17
128.755402	33.836185	17
128.809814	33.842564	17
128.864227	33.848904	17
128.918640	33.855205	17
128.973083	33.861496	17
129.027557	33.867752	17
129.082031	33.873970	17
129.136475	33.880161	17
129.190979	33.886322	17
129.245483	33.892441	17
129.299988	33.898541	17
129.354492	33.904610	17
129.408997	33.910645	17
129.463562	33.916653	17
129.518066	33.922619	17
129.572632	33.928574	17
129.627197	33.934479	17
129.681763	33.940372	17
129.736359	33.946217	17
129.790955	33.952038	17
129.845551	33.957828	17
129.900146	33.963589	17
129.954773	33.969311	17
130.009399	33.975017	17
130.064026	33.980679	17
130.118683	33.986317	17
130.173340	33.991924	17
130.228027	33.997490	17
130.282684	34.003040	17
130.337372	34.008549	17
130.392059	34.014034	17
130.446777	34.019482	17
130.501465	34.024898	17
130.556213	34.030304	17
130.610931	34.035652	17
130.665649	34.040985	17
130.720398	34.046284	17
130.775177	34.051548	17
130.829956	34.056786	17
130.884705	34.061985	17
130.939484	34.067154	17
130.994263	34.072300	17
131.049072	34.077404	17
131.103882	34.082489	17
131.158691	34.087544	17
131.213531	34.092564	17
131.268372	34.097549	17
131.323181	34.102501	17
131.378052	34.107426	17
131.432922	34.112312	17
131.487762	34.117191	17
131.542633	34.122021	17
131.597534	34.126820	17
131.652405	34.131584	17
131.707306	34.136322	17
131.762207	34.141025	17
131.817139	34.145714	17
131.872040	34.150353	17
131.926971	34.154964	17
131.981903	34.159550	17
132.036865	34.164105	17
132.091797	34.168625	17
132.146729	34.173119	17
132.201721	34.177578	17
132.256683	34.182003	17
132.311646	34.186398	17
128.584412	33.862064	17
128.638855	33.868534	17
128.693268	33.874962	17
128.747681	33.881382	17
128.802124	33.887764	17
128.856598	33.894108	17
128.911072	33.900421	17
128.965546	33.906708	17
129.020020	33.912964	17
129.074524	33.919190	17
129.129028	33.925381	17
129.183563	33.931545	17
129.238098	33.937683	17
129.292633	33.943787	17
129.347168	33.949848	17
129.401733	33.955898	17
129.456299	33.961910	17
129.510895	33.967888	17
129.565491	33.973839	17
129.620087	33.979763	17
129.674683	33.985641	17
129.729309	33.991505	17
129.783936	33.997330	17
129.838562	34.003117	17
129.893219	34.008877	17
129.947876	34.014618	17
130.002563	34.020321	17
130.057220	34.025993	17
130.111908	34.031635	17
130.166595	34.037239	17
130.221313	34.042820	17
130.276001	34.048367	17
130.330750	34.053894	17
130.385468	34.059380	17
130.440186	34.064831	17
130.494934	34.070259	17
130.549713	34.075649	17
130.604492	34.081020	17
130.659241	34.086346	17
130.714050	34.091652	17
130.768829	34.096920	17
130.823608	34.102158	17
130.878448	34.107365	17
130.933258	34.112545	17
130.988098	34.117699	17
131.042908	34.122810	17
131.097778	34.127884	17
131.152618	34.132942	17
131.207458	34.137974	17
131.262329	34.142956	17
131.317230	34.147915	17
131.372131	34.152844	17
131.427002	34.157749	17
131.481903	34.162605	17
131.536804	34.167450	17
131.591736	34.172241	17
131.646667	34.177021	17
131.701599	34.181763	17
131.756531	34.186485	17
131.811462	34.191162	17
131.866455	34.195805	17
131.921387	34.200420	17
131.976379	34.205021	17
132.031372	34.209568	17
132.086365	34.214092	17
132.141357	34.218590	17
132.196350	34.223049	17
132.251343	34.227478	17
132.306366	34.231880	17
128.576599	33.907249	17
128.631042	33.913723	17
128.685516	33.920170	17
128.739990	33.926582	17
128.794495	33.932964	17
128.848969	33.939323	17
128.903473	33.945633	17
128.958008	33.951923	17
129.012512	33.958195	17
129.067047	33.964428	17
129.121582	33.970619	17
129.176147	33.976791	17
129.230713	33.982925	17
129.285278	33.989040	17
129.339874	33.995110	17
129.394470	34.001156	17
129.449097	34.007172	17
129.503693	34.013161	17
129.558319	34.019127	17
129.612976	34.025047	17
129.667603	34.030933	17
129.722260	34.036793	17
129.776917	34.042625	17
129.831604	34.048424	17
129.886292	34.054195	17
129.940979	34.059929	17
129.995667	34.065643	17
130.050385	34.071320	17
130.105103	34.076950	17
130.159851	34.082573	17
130.214600	34.088161	17
130.269348	34.093716	17
130.324097	34.099232	17
130.378845	34.104729	17
130.433655	34.110188	17
130.488403	34.115616	17
130.543213	34.121018	17
130.598022	34.126381	17
130.652832	34.131714	17
130.707642	34.137032	17
130.762482	34.142307	17
130.817322	34.147541	17
130.872162	34.152748	17
130.927002	34.157940	17
130.981873	34.163090	17
131.036743	34.168209	17
131.091644	34.173294	17
131.146545	34.178348	17
131.201416	34.183384	17
131.256348	34.188377	17
131.311249	34.193337	17
131.366150	34.198276	17
131.421082	34.203175	17
131.476044	34.208050	17
131.531006	34.212891	17
131.585938	34.217689	17
131.640900	34.222473	17
131.695862	34.227215	17
131.750854	34.231937	17
131.805847	34.236618	17
131.860840	34.241272	17
131.915833	34.245892	17
131.970825	34.250481	17
132.025879	34.255043	17
132.080872	34.259575	17
132.135925	34.264061	17
132.190979	34.268536	17
132.246002	34.272972	17
132.301056	34.277371	17
128.568787	33.952442	17
128.623260	33.958920	17
128.677765	33.965366	17
128.732269	33.971790	17
128.786804	33.978172	17
128.841309	33.984535	17
128.895874	33.990868	17
128.950439	33.997166	17
129.004974	34.003429	17
129.059570	34.009663	17
129.114136	34.015865	17
129.168732	34.022041	17
129.223328	34.028183	17
129.277954	34.034302	17
129.332581	34.040375	17
129.387207	34.046429	17
129.441833	34.052456	17
129.496490	34.058441	17
129.551147	34.064396	17
129.605835	34.070332	17
129.660522	34.076218	17
129.715210	34.082100	17
129.769897	34.087925	17
129.824615	34.093735	17
129.879333	34.099499	17
129.934082	34.105255	17
129.988800	34.110966	17
130.043549	34.116646	17
130.098328	34.122295	17
130.153076	34.127911	17
130.207855	34.133503	17
130.262634	34.139065	17
130.317444	34.144588	17
130.372253	34.150078	17
130.427063	34.155548	17
130.481873	34.160984	17
130.536713	34.166393	17
130.591553	34.171753	17
130.646393	34.177097	17
130.701233	34.182404	17
130.756104	34.187683	17
130.811005	34.192932	17
130.865875	34.198151	17
130.920776	34.203342	17
130.975677	34.208489	17
131.030579	34.213615	17
131.085510	34.218712	17
131.140442	34.223762	17
131.195374	34.228802	17
131.250305	34.233799	17
131.305267	34.238766	17
131.360229	34.243706	17
131.415192	34.248615	17
131.470154	34.253483	17
131.525146	34.258324	17
131.580139	34.263138	17
131.635132	34.267921	17
131.690155	34.272686	17
131.745178	34.277390	17
131.800171	34.282082	17
131.855225	34.286743	17
131.910278	34.291367	17
131.965302	34.295963	17
132.020355	34.300522	17
132.075439	34.305058	17
132.130493	34.309555	17
132.185577	34.314026	17
132.240662	34.318462	17
132.295746	34.322868	17
128.560944	33.997631	17
128.615479	34.004124	17
128.669983	34.010582	17
128.724548	34.016998	17
128.779114	34.023403	17
128.833679	34.029755	17
128.888245	34.036099	17
128.942841	34.042400	17
128.997437	34.048668	17
129.052063	34.054905	17
129.106659	34.061115	17
129.161285	34.067299	17
129.215942	34.073444	17
129.270569	34.079567	17
129.325256	34.085651	17
129.379913	34.091701	17
129.434570	34.097725	17
129.489258	34.103725	17
129.543976	34.109692	17
129.598694	34.115627	17
129.653381	34.121525	17
129.708130	34.127392	17
129.762878	34.133244	17
129.817627	34.139049	17
129.872375	34.144833	17
129.927124	34.150574	17
129.981934	34.156288	17
130.036682	34.161980	17
130.091492	34.167637	17
130.146301	34.173260	17
130.201111	34.178852	17
130.255920	34.184406	17
130.310791	34.189945	17
130.365601	34.195438	17
130.420471	34.200920	17
130.475342	34.206360	17
130.530212	34.211758	17
130.585083	34.217140	17
130.639954	34.222481	17
130.694855	34.227787	17
130.749756	34.233074	17
130.804688	34.238331	17
130.859589	34.243549	17
130.914520	34.248745	17
130.969452	34.253899	17
131.024414	34.259033	17
131.079346	34.264122	17
131.134338	34.269199	17
131.189301	34.274231	17
131.244263	34.279236	17
131.299255	34.284203	17
131.354248	34.289143	17
131.409271	34.294060	17
131.464294	34.298931	17
131.519287	34.303783	17
131.574341	34.308594	17
131.629364	34.313389	17
131.684418	34.318142	17
131.739471	34.322861	17
131.794525	34.327553	17
131.849609	34.332218	17
131.904663	34.336849	17
131.959778	34.341442	17
132.014832	34.346012	17
132.069946	34.350540	17
132.125061	34.355053	17
132.180176	34.359524	17
132.235291	34.363968	17
132.290405	34.368374	17
128.553101	34.042839	17
128.607666	34.049335	17
128.662231	34.055790	17
128.716797	34.062225	17
128.771423	34.068630	17
128.825989	34.074993	17
128.880615	34.081325	17
128.935242	34.087631	17
128.989868	34.093906	17
129.044525	34.100159	17
129.099182	34.106365	17
129.153839	34.112557	17
129.208527	34.118710	17
129.263214	34.124840	17
129.317902	34.130924	17
129.372620	34.136986	17
129.427307	34.143021	17
129.482056	34.149021	17
129.536804	34.154987	17
129.591553	34.160927	17
129.646301	34.166828	17
129.701050	34.172699	17
129.755829	34.178558	17
129.810608	34.184368	17
129.865417	34.190151	17
129.920227	34.195900	17
129.975037	34.201626	17
130.029846	34.207321	17
130.084656	34.212975	17
130.139526	34.218601	17
130.194366	34.224209	17
130.249237	34.229767	17
130.304077	34.235306	17
130.358978	34.240814	17
130.413879	34.246288	17
130.468750	34.251724	17
130.523682	34.257134	17
130.578583	34.262524	17
130.633484	34.267879	17
130.688416	34.273190	17
130.743378	34.278481	17
130.798340	34.283737	17
130.853271	34.288967	17
130.908264	34.294151	17
130.963226	34.299324	17
131.018219	34.304455	17
131.073212	34.309555	17
131.128204	34.314617	17
131.183228	34.319656	17
131.238220	34.324661	17
131.293274	34.329647	17
131.348297	34.334587	17
131.403320	34.339508	17
131.458374	34.344395	17
131.513428	34.349239	17
131.568512	34.354069	17
131.623596	34.358852	17
131.678680	34.363613	17
131.733765	34.368340	17
131.788879	34.373039	17
131.843964	34.377697	17
131.899078	34.382332	17
131.954224	34.386940	17
132.009338	34.391502	17
132.064453	34.396042	17
132.119629	34.400551	17
132.174774	34.405037	17
132.229919	34.409477	17
132.285095	34.413883	17
128.545227	34.088047	17
128.599854	34.094544	17
128.654419	34.101017	17
128.709045	34.107445	17
128.763672	34.113850	17
128.818329	34.120224	17
128.872986	34.126572	17
128.927643	34.132881	17
128.982300	34.139160	17
129.036987	34.145412	17
129.091675	34.151638	17
129.146393	34.157829	17
129.201111	34.163982	17
129.255829	34.170116	17
129.310547	34.176212	17
129.365295	34.182278	17
129.420044	34.188313	17
129.474792	34.194313	17
129.529602	34.200287	17
129.584351	34.206234	17
129.639160	34.212147	17
129.693970	34.218029	17
129.748779	34.223869	17
129.803589	34.229698	17
129.858429	34.235493	17
129.913269	34.241234	17
129.968140	34.246971	17
130.022980	34.252663	17
130.077850	34.258324	17
130.132721	34.263962	17
130.187622	34.269558	17
130.242493	34.275131	17
130.297424	34.280674	17
130.352325	34.286190	17
130.407257	34.291668	17
130.462189	34.297108	17
130.517151	34.302528	17
130.572083	34.307911	17
130.627045	34.313274	17
130.682007	34.318588	17
130.737000	34.323883	17
130.791992	34.329147	17
130.846985	34.334377	17
130.901978	34.339577	17
130.957001	34.344742	17
131.012024	34.349880	17
131.067047	34.354980	17
131.122070	34.360058	17
131.177124	34.365101	17
131.232178	34.370113	17
131.287231	34.375092	17
131.342316	34.380043	17
131.397400	34.384964	17
131.452484	34.389839	17
131.507568	34.394707	17
131.562683	34.399525	17
131.617798	34.404320	17
131.672913	34.409088	17
131.728058	34.413822	17
131.783203	34.418510	17
131.838318	34.423180	17
131.893494	34.427815	17
131.948639	34.432426	17
132.003815	34.437004	17
132.058990	34.441551	17
132.114166	34.446053	17
132.169373	34.450539	17
132.224548	34.454990	17
132.279755	34.459404	17
128.537354	34.133263	17
128.591980	34.139763	17
128.646637	34.146240	17
128.701294	34.152679	17
128.755981	34.159081	17
128.810638	34.165462	17
128.865326	34.171818	17
128.920044	34.178131	17
128.974731	34.184418	17
129.029449	34.190678	17
129.084167	34.196899	17
129.138916	34.203102	17
129.193665	34.209255	17
129.248413	34.215397	17
129.303192	34.221497	17
129.357971	34.227566	17
129.412781	34.233608	17
129.467590	34.239605	17
129.522400	34.245594	17
129.577209	34.251545	17
129.632019	34.257461	17
129.686859	34.263351	17
129.741699	34.269203	17
129.796570	34.275021	17
129.851440	34.280819	17
129.906311	34.286583	17
129.961212	34.292313	17
130.016113	34.298016	17
130.071014	34.303684	17
130.125916	34.309326	17
130.180847	34.314934	17
130.235779	34.320503	17
130.290710	34.326046	17
130.345673	34.331558	17
130.400635	34.337048	17
130.455627	34.342499	17
130.510590	34.347920	17
130.565582	34.353310	17
130.620575	34.358669	17
130.675598	34.363991	17
130.730591	34.369289	17
130.785645	34.374558	17
130.840637	34.379799	17
130.895691	34.384994	17
130.950745	34.390167	17
131.005798	34.395302	17
131.060883	34.400421	17
131.115967	34.405495	17
131.171021	34.410553	17
131.226135	34.415554	17
131.281250	34.420547	17
131.336334	34.425503	17
131.391449	34.430420	17
131.446594	34.435310	17
131.501709	34.440170	17
131.556854	34.445000	17
131.612000	34.449802	17
131.667175	34.454567	17
131.722351	34.459301	17
131.777527	34.464008	17
131.832703	34.468685	17
131.887878	34.473312	17
131.943054	34.477924	17
131.998291	34.482506	17
132.053497	34.487060	17
132.108704	34.491573	17
132.163940	34.496056	17
132.219177	34.500507	17
132.274414	34.504932	17
128.529480	34.178478	17
128.584167	34.184990	17
128.638855	34.191471	17
128.693542	34.197910	17
128.748230	34.204330	17
128.802948	34.210709	17
128.857666	34.217064	17
128.912415	34.223392	17
128.967163	34.229687	17
129.021912	34.235951	17
129.076660	34.242172	17
129.131439	34.248375	17
129.186218	34.254539	17
129.241028	34.260673	17
129.295837	34.266789	17
129.350647	34.272865	17
129.405457	34.278912	17
129.460327	34.284935	17
129.515137	34.290909	17
129.570007	34.296867	17
129.624878	34.302776	17
129.679749	34.308674	17
129.734650	34.314533	17
129.789551	34.320366	17
129.844421	34.326164	17
129.899353	34.331932	17
129.954285	34.337662	17
130.009216	34.343372	17
130.064148	34.349045	17
130.119110	34.354694	17
130.174072	34.360298	17
130.229065	34.365883	17
130.284027	34.371429	17
130.339020	34.376949	17
130.394012	34.382435	17
130.449036	34.387898	17
130.504028	34.393318	17
130.559082	34.398712	17
130.614105	34.404076	17
130.669128	34.409412	17
130.724182	34.414707	17
130.779266	34.419975	17
130.834351	34.425224	17
130.889404	34.430431	17
130.944489	34.435600	17
130.999573	34.440746	17
131.054688	34.445866	17
131.109802	34.450947	17
131.164917	34.455994	17
131.220062	34.461021	17
131.275208	34.466003	17
131.330353	34.470962	17
131.385498	34.475895	17
131.440674	34.480785	17
131.495850	34.485661	17
131.551025	34.490478	17
131.606201	34.495277	17
131.661407	34.500057	17
131.716614	34.504799	17
131.771820	34.509502	17
131.827026	34.514175	17
131.882263	34.518825	17
131.937500	34.523438	17
131.992737	34.528023	17
132.047974	34.532574	17
132.103271	34.537087	17
132.158508	34.541580	17
132.213806	34.546036	17
132.269073	34.550461	17
128.521606	34.223713	17
128.576294	34.230225	17
128.631042	34.236710	17
128.685730	34.243160	17
128.740479	34.249577	17
128.795227	34.255962	17
128.850006	34.262325	17
128.904785	34.268654	17
128.959534	34.274960	17
129.014343	34.281219	17
129.069153	34.287453	17
129.123962	34.293663	17
129.178772	34.299831	17
129.233612	34.305973	17
129.288452	34.312088	17
129.343323	34.318172	17
129.398193	34.324226	17
129.453064	34.330246	17
129.507935	34.336239	17
129.562805	34.342194	17
129.617737	34.348118	17
129.672638	34.354011	17
129.727570	34.359882	17
129.782501	34.365711	17
129.837433	34.371513	17
129.892395	34.377281	17
129.947357	34.383026	17
130.002319	34.388737	17
130.057312	34.394417	17
130.112305	34.400063	17
130.167297	34.405674	17
130.222290	34.411262	17
130.277313	34.416817	17
130.332336	34.422344	17
130.387390	34.427837	17
130.442444	34.433304	17
130.497498	34.438728	17
130.552551	34.444122	17
130.607605	34.449490	17
130.662689	34.454830	17
130.717773	34.460140	17
130.772888	34.465404	17
130.828003	34.470650	17
130.883118	34.475864	17
130.938232	34.481041	17
130.993347	34.486191	17
131.048523	34.491318	17
131.103668	34.496403	17
131.158813	34.501450	17
131.213989	34.506477	17
131.269165	34.511463	17
131.324341	34.516434	17
131.379547	34.521362	17
131.434753	34.526260	17
131.489960	34.531124	17
131.545166	34.535973	17
131.600403	34.540764	17
131.655640	34.545555	17
131.710876	34.550285	17
131.766113	34.555000	17
131.821381	34.559689	17
131.876648	34.564331	17
131.931915	34.568954	17
131.987183	34.573536	17
132.042480	34.578094	17
132.097778	34.582611	17
132.153076	34.587105	17
132.208374	34.591564	17
132.263702	34.595997	17
128.513672	34.268944	17
128.568420	34.275459	17
128.623199	34.281944	17
128.677979	34.288403	17
128.732727	34.294826	17
128.787537	34.301220	17
128.842316	34.307598	17
128.897125	34.313927	17
128.951965	34.320225	17
129.006775	34.326511	17
129.061615	34.332745	17
129.116455	34.338959	17
129.171326	34.345135	17
129.226196	34.351288	17
129.281067	34.357395	17
129.335968	34.363480	17
129.390869	34.369541	17
129.445770	34.375565	17
129.500671	34.381557	17
129.555603	34.387520	17
129.610565	34.393459	17
129.665527	34.399353	17
129.720459	34.405228	17
129.775452	34.411057	17
129.830414	34.416870	17
129.885406	34.422649	17
129.940430	34.428398	17
129.995422	34.434101	17
130.050415	34.439793	17
130.105469	34.445446	17
130.160492	34.451061	17
130.215546	34.456654	17
130.270599	34.462212	17
130.325684	34.467739	17
130.380737	34.473240	17
130.435822	34.478710	17
130.490906	34.484139	17
130.546021	34.489548	17
130.601135	34.494919	17
130.656250	34.500256	17
130.711365	34.505558	17
130.766510	34.510841	17
130.821655	34.516090	17
130.876801	34.521301	17
130.931946	34.526493	17
130.987122	34.531639	17
131.042297	34.536766	17
131.097504	34.541855	17
131.152710	34.546921	17
131.207886	34.551945	17
131.263123	34.556942	17
131.318359	34.561909	17
131.373566	34.566845	17
131.428802	34.571754	17
131.484070	34.576622	17
131.539307	34.581471	17
131.594574	34.586273	17
131.649841	34.591057	17
131.705139	34.595799	17
131.760406	34.600506	17
131.815704	34.605198	17
131.871002	34.609848	17
131.926331	34.614479	17
131.981628	34.619064	17
132.036957	34.623627	17
132.092285	34.628143	17
132.147644	34.632645	17
132.203003	34.637112	17
132.258362	34.641544	17
128.505798	34.314186	17
128.560547	34.320709	17
128.615356	34.327194	17
128.670166	34.333664	17
128.724976	34.340096	17
128.779785	34.346497	17
128.834625	34.352859	17
128.889465	34.359203	17
128.944336	34.365505	17
128.999207	34.371784	17
129.054077	34.378044	17
129.108948	34.384251	17
129.163849	34.390434	17
129.218750	34.396591	17
129.273682	34.402714	17
129.328613	34.408802	17
129.383545	34.414867	17
129.438477	34.420891	17
129.493439	34.426895	17
129.548401	34.432861	17
129.603394	34.438797	17
129.658386	34.444698	17
129.713379	34.450565	17
129.768372	34.456417	17
129.823395	34.462231	17
129.878418	34.468010	17
129.933472	34.473770	17
129.988495	34.479481	17
130.043549	34.485172	17
130.098633	34.490829	17
130.153687	34.496452	17
130.208771	34.502041	17
130.263855	34.507614	17
130.318970	34.513145	17
130.374084	34.518642	17
130.429199	34.524124	17
130.484314	34.529556	17
130.539490	34.534962	17
130.594604	34.540340	17
130.649780	34.545692	17
130.704956	34.550999	17
130.760132	34.556282	17
130.815308	34.561535	17
130.870483	34.566753	17
130.925690	34.571953	17
130.980896	34.577103	17
131.036133	34.582230	17
131.091339	34.587326	17
131.146576	34.592396	17
131.201813	34.597424	17
131.257080	34.602425	17
131.312317	34.607399	17
131.367615	34.612328	17
131.422852	34.617248	17
131.478149	34.622112	17
131.533447	34.626965	17
131.588745	34.631775	17
131.644043	34.636558	17
131.699371	34.641316	17
131.754700	34.646023	17
131.810028	34.650715	17
131.865356	34.655376	17
131.920715	34.660000	17
131.976074	34.664589	17
132.031433	34.669155	17
132.086792	34.673687	17
132.142212	34.678185	17
132.197571	34.682651	17
132.252991	34.687088	17
128.497864	34.359428	17
128.552673	34.365959	17
128.607483	34.372459	17
128.662354	34.378925	17
128.717194	34.385361	17
128.772034	34.391769	17
128.826904	34.398144	17
128.881805	34.404491	17
128.936707	34.410797	17
128.991577	34.417080	17
129.046509	34.423332	17
129.101440	34.429554	17
129.156372	34.435745	17
129.211304	34.441898	17
129.266266	34.448025	17
129.321228	34.454132	17
129.376221	34.460190	17
129.431183	34.466228	17
129.486206	34.472229	17
129.541199	34.478203	17
129.596191	34.484150	17
129.651245	34.490063	17
129.706268	34.495933	17
129.761292	34.501785	17
129.816345	34.507595	17
129.871429	34.513382	17
129.926514	34.519146	17
129.981567	34.524860	17
130.036682	34.530563	17
130.091766	34.536217	17
130.146881	34.541843	17
130.201996	34.547451	17
130.257141	34.553024	17
130.312256	34.558556	17
130.367432	34.564060	17
130.422577	34.569542	17
130.477722	34.574974	17
130.532898	34.580387	17
130.588104	34.585774	17
130.643311	34.591122	17
130.698486	34.596439	17
130.753723	34.601730	17
130.808929	34.606987	17
130.864166	34.612202	17
130.919403	34.617401	17
130.974640	34.622570	17
131.029907	34.627693	17
131.085144	34.632793	17
131.140442	34.637867	17
131.195709	34.642902	17
131.251007	34.647903	17
131.306305	34.652882	17
131.361603	34.657833	17
131.416931	34.662739	17
131.472229	34.667622	17
131.527588	34.672470	17
131.582916	34.677284	17
131.638245	34.682068	17
131.693604	34.686825	17
131.748962	34.691547	17
131.804352	34.696240	17
131.859741	34.700901	17
131.915100	34.705532	17
131.970520	34.710133	17
132.025909	34.714691	17
132.081299	34.719231	17
132.136719	34.723732	17
132.192139	34.728210	17
132.247589	34.732647	17
128.489929	34.404678	17
128.544800	34.411213	17
128.599640	34.417721	17
128.654541	34.424198	17
128.709412	34.430630	17
128.764282	34.437038	17
128.819214	34.443428	17
128.874146	34.449779	17
128.929077	34.456089	17
128.984009	34.462379	17
129.038940	34.468639	17
129.093903	34.474865	17
129.148865	34.481052	17
129.203857	34.487221	17
129.258850	34.493355	17
129.313843	34.499447	17
129.368866	34.505524	17
129.423889	34.511566	17
129.478912	34.517574	17
129.533936	34.523552	17
129.588989	34.529499	17
129.644073	34.535416	17
129.699158	34.541298	17
129.754211	34.547150	17
129.809326	34.552978	17
129.864410	34.558765	17
129.919525	34.564522	17
129.974640	34.570255	17
130.029785	34.575943	17
130.084900	34.581619	17
130.140076	34.587254	17
130.195221	34.592853	17
130.250366	34.598427	17
130.305542	34.603973	17
130.360748	34.609482	17
130.415955	34.614960	17
130.471130	34.620411	17
130.526367	34.625824	17
130.581573	34.631206	17
130.636810	34.636570	17
130.692047	34.641895	17
130.747314	34.647179	17
130.802551	34.652443	17
130.857819	34.657673	17
130.913086	34.662876	17
130.968384	34.668030	17
131.023682	34.673176	17
131.078979	34.678276	17
131.134277	34.683342	17
131.189606	34.688385	17
131.244934	34.693394	17
131.300262	34.698383	17
131.355591	34.703327	17
131.410950	34.708241	17
131.466309	34.713119	17
131.521698	34.717976	17
131.577087	34.722813	17
131.632446	34.727589	17
131.687866	34.732353	17
131.743256	34.737076	17
131.798645	34.741768	17
131.854065	34.746429	17
131.909485	34.751068	17
131.964935	34.755672	17
132.020386	34.760246	17
132.075806	34.764778	17
132.131287	34.769283	17
132.186737	34.773762	17
132.242188	34.778213	17
